----------------------------------------------------------------------------
| #  | A# | Прізвище   | Квартал                              | Витрати    |
----------------------------------------------------------------------------
|    |    |            | Квітень    | Травень    | Червень    |            |
----------------------------------------------------------------------------
| 1  | 1  | Jackson    | 8120       | 8532       | 8710       | 885,0      |
| 2  | 2  | Anderson   | 7453       | 7606       | 7635       | 273,0      |
| 3  | 3  | Smith      | 7960       | 8011       | 8020       | 90,0       |
| 4  | 4  | Davis      | 9857       | 9928       | 10368      | 766,5      |
| 5  | 5  | Hernandez  | 1917       | 1966       | 2261       | 516,0      |
| 6  | 6  | Martinez   | 8785       | 9071       | 9273       | 732,0      |
| 7  | 7  | Alonso     | 9559       | 9879       | 10156      | 895,5      |
| 8  | 8  | Brown      | 6403       | 6888       | 7031       | 942,0      |
| 9  | 9  | Smith      | 5375       | 5451       | 5886       | 766,5      |
| 10 | 10 | Williams   | 2041       | 2458       | 2904       | 1294,5     |
| 11 | 11 | Smith      | 5522       | 5797       | 5937       | 622,5      |
| 12 | 12 | Anderson   | 10439      | 10610      | 10775      | 504,0      |
| 13 | 13 | Hernandez  | 5890       | 6014       | 6408       | 777,0      |
| 14 | 14 | Jones      | 9672       | 9809       | 9938       | 399,0      |
| 15 | 15 | Wilson     | 9173       | 9636       | 9651       | 717,0      |
| 16 | 7  | Alonso     | 1562       | 1754       | 2168       | 909,0      |
| 17 | 8  | Garcia     | 7039       | 7345       | 7376       | 505,5      |
| 18 | 9  | Hernandez  | 2393       | 2837       | 3265       | 1308,0     |
| 19 | 10 | Hernandez  | 9984       | 10034      | 10283      | 448,5      |
| 20 | 11 | Brown      | 7036       | 7439       | 7734       | 1047,0     |
| 21 | 12 | Miller     | 2837       | 3139       | 3303       | 699,0      |
| 22 | 13 | Smith      | 8130       | 8450       | 8899       | 1153,5     |
| 23 | 14 | Johnson    | 3751       | 3979       | 4116       | 547,5      |
| 24 | 15 | Smith      | 9346       | 9602       | 9751       | 607,5      |
----------------------------------------------------------------------------
