----------------------------------------------------------------------------
| #  | A# | Прізвище   | Квартал                              | Витрати    |
----------------------------------------------------------------------------
|    |    |            | Квітень    | Травень    | Червень    |            |
----------------------------------------------------------------------------
| 1  | 1  | Jackson    | 8120       | 8532       | 8710       | 885,0      |
| 2  | 3  | Smith      | 7960       | 8011       | 8020       | 90,0       |
| 3  | 5  | Hernandez  | 1917       | 1966       | 2261       | 516,0      |
| 4  | 8  | Brown      | 6403       | 6888       | 7031       | 942,0      |
| 5  | 10 | Williams   | 2041       | 2458       | 2904       | 1294,5     |
| 6  | 12 | Anderson   | 10439      | 10610      | 10775      | 504,0      |
| 7  | 14 | Jones      | 9672       | 9809       | 9938       | 399,0      |
| 8  | 15 | Wilson     | 9173       | 9636       | 9651       | 717,0      |
----------------------------------------------------------------------------
