----------------------------------------------------------------
| Назва продукту  |  #  | Вага/Об`єм | Ціна                    |
----------------------------------------------------------------
|                 |     | г/мл       | UAH        | USD        |
----------------------------------------------------------------
| Креветки        | 8   | 2130       | 681,60     | 23,03      |
| Спагетті        | 4   | 550        | 101,75     | 3,44       |
| Пармезан        | 3   | 235        | 141,00     | 4,76       |
| Сіль            | 11  | 55         | 1,38       | 0,05       |
| Перець          | 13  | 50         | 6,25       | 0,21       |
| Паприка         | 1   | 2          | 0,50       | 0,02       |
| Огірки          | 1   | 150        | 15,00      | 0,51       |
| Яйця            | 2   | 170        | 8,50       | 0,29       |
| Кріп            | 1   | 30         | 33,00      | 1,11       |
| Рис             | 3   | 450        | 36,00      | 1,22       |
| Цибуля          | 5   | 330        | 6,60       | 0,22       |
| Морква          | 2   | 140        | 3,78       | 0,13       |
| Часник          | 7   | 225        | 22,50      | 0,76       |
| Мед             | 1   | 120        | 54,00      | 1,82       |
| Лайм            | 1   | 140        | 19,60      | 0,66       |
| Петрушка        | 5   | 125        | 35,00      | 1,18       |
| Олія            | 3   | 150        | 36,00      | 1,22       |
| Ковбаски        | 1   | 120        | 36,00      | 1,22       |
| Горошок         | 1   | 300        | 13,20      | 0,45       |
| Мідії           | 6   | 1050       | 220,50     | 7,45       |
| Сливки          | 3   | 360        | 90,00      | 3,04       |
| Масло           | 7   | 260        | 62,40      | 2,11       |
| Шампіньйони     | 1   | 150        | 21,00      | 0,71       |
| Помідори        | 1   | 400        | 24,00      | 0,81       |
| Гребінці        | 1   | 900        | 360,00     | 12,16      |
| Кальмари        | 3   | 220        | 46,20      | 1,56       |
| Мука            | 1   | 30         | 1,62       | 0,05       |
| Молоко          | 1   | 30         | 1,50       | 0,05       |
----------------------------------------------------------------
| TOTAL           | 97  | 8872       | 2078,88    | 70,23      |
----------------------------------------------------------------
